$ANSIBLE_VAULT;1.1;AES256
30373962643862373063363436396530666333623733646234653332653834313934366138643137
3232393361353531323966616665356135383061366436340a346263666239346635396431613164
63336530353831643434353432613663356233363135336563373663616130383065626366326238
6264363366643166640a343663663937616235363730666366353233393839373962376466393361
36646366623139633538313439626634633938613366623437326262323135306134623230346565
30396138343631363061653765633634326532346466306338343531643434613061356638353630
64306631353530373235626462303539313038326263643661323364346532633762616561393665
63393732616632636138386334353032353333303338313836346130666231643432333231383661
61303263623632393430336265393132346437393139396561623433326162363334366333396331
61326437336266353836303631633866646261643833383763313266396363633961393138343438
39306634336561376631616335323766386131613533653033663837383464653034646234316231
30393936353431626634336264663936626138326632323563323033313934336363646661353763
64303265306666313931353434303733623636313834656137323535663561333266643336386236
6435336363643161373763623939343733376365646363376265
